Comic_1.jpg: [(0, 446), (2621, 392), (87, 3853), (2567, 3906)]
Comic_11.jpg: [(428, 360), (2500, 109), (392, 3591), (2730, 3785)]
Comic_16.jpg: [(315, 433), (2825, 252), (474, 3708), (2849, 3793)]
Comic_20.jpg: [(526, 677), (2684, 599), (556, 3576), (2727, 3620)]
Comic_22.jpg: [(138, 1), (2667, 35), (249, 3656), (2716, 3428)]
Comic_29.jpg: [(171, 146), (2516, 316), (227, 3838), (2524, 3638)]
Comic_33.jpeg: [(121, 115), (1278, 182), (84, 1773), (1392, 1694)]
Comic_34.jpeg: [(172, 139), (1231, 93), (278, 1761), (1230, 1718)]
Libro_1.jpg: [(103, 409), (2685, 380), (197, 3704), (2640, 3736)]
Libro_4.jpg: [(137, 335), (2685, 85), (217, 3609), (2812, 3681)]
Libro_16.jpg: [(238, 722), (2379, 698), (186, 3855), (2506, 3889)]
Libro_19.jpg: [(354, 748), (2230, 703), (266, 3471), (2300, 3499)]
Libro_21.jpg: [(201, 326), (2659, 314), (263, 3962), (2587, 4061)]
Libro_23.jpg: [(286, 692), (2375, 521), (354, 3634), (2516, 3662)]
Libro_26.jpg: [(152, 579), (2426, 371), (344, 3857), (2503, 3933)]
Libro_30.jpg: [(501, 486), (2528, 557), (260, 3664), (2793, 3622)]
Manuscrito_1.jpg: [(6, 80), (2713, 13), (11, 4056), (2764, 3991)]
Manuscrito_4.jpg: [(34, 462), (2871, 387), (210, 3960), (2820, 3901)]
Manuscrito_7.jpg: [(25, 101), (2804, 122), (132, 3954), (2729, 3944)]
Manuscrito_10.jpg: [(71, 166), (2858, 361), (106, 4074), (2752, 4069)]
Manuscrito_16.jpg: (2,914), (1650,61), (1177,3699), (3026,2744)
Manuscrito_25.jpg: [(393,277), (2642,482), (404,3689), (2658,3506)]
Manuscrito_29.jpg: [(436,513), (2524,547), (371,3634), (2750,3640)]
Manuscrito_30.jpg: (531,652), (2463,636), (585,3381), (2492,3324)
Mecanografiado_12.jpg: [(2,0), (2764,4), (6,4080), (2791,4074)]
Mecanografiado_15.jpg: [(0,437), (2679,269), (170,4075), (2856,4079)]
Mecanografiado_20.jpg: [(364,555), (2420,576), (324,3636), (2645,3576)]
Mecanografiado_26.jpg: [(1114,687), (2828,972), (515,3198), (2575,3614)]
Mecanografiado_29.jpg: [(719,331), (2585,575), (394,3360), (2853,3386)]
Mecanografiado_31.jpg: [(391, 314), (2581, 428), (314, 3521), (2579, 3567)]
Mecanografiado_33.jpg: [(125,434), (2446,78), (534,3748), (2955,3452)]
Mecanografiado_4.jpg: [(51,168), (2811,97), (199,3865), (2762,3932)]
Ticket_2.jpg: [(925, 247), (1813, 210), (922, 3667), (1902, 4047)]
Ticket_8.jpeg: [(323, 176), (837, 202), (266, 1367), (811, 1431)]
Ticket_13.jpg: [(784,654), (1941,687), (839,3564), (2022,3500)]
Ticket_15.jpg: [(647,387), (1891,546), (698,3548), (1875,3716)]
Ticket_17.jpg: [(759,519), (1752,330), (1014,3974), (2126,3913)]
Ticket_24.jpg: [(656,504), (2132,235), (588,3807), (2317,3665)]
Ticket_26.jpg: [(681,429), (2018,572), (614,3985), (1908,4010)]
Ticket_28.jpg: [(647,370), (1883,530), (681,3497), (1852,3688)]
Ticket_1.jpg: [(837, 565), (2060, 511), (799, 3884), (2097, 3891)]
Ticket_3.jpg: [(882, 125), (1806, 19), (1390, 3845), (2368, 3709)]
Ticket_4.jpg: [(409, 516), (1611, 350), (972, 4072), (2152, 4069)]
Ticket_5.jpg: [(904, 723), (1774, 496), (736, 3598), (1715, 3480)]
Ticket_6.jpg: [(344, 43), (1119, 64), (6, 1949), (1078, 1995)]
Ticket_7.jpg: [(942, 280), (1838, 222), (953, 4035), (2033, 4074)]
Ticket_9.jpeg: [(176, 198), (713, 214), (81, 1595), (701, 1594)]
Ticket_11.jpeg: [(397, 153), (1058, 97), (448, 1886), (1071, 1905)]
Ticket_12.jpeg: [(742, 299), (1238, 284), (715, 1755), (1265, 1735)]
Ticket_14.jpg: [(443, 671), (2372, 741), (367, 3632), (2310, 3635)]
Ticket_16.jpg: [(877, 186), (1701, 133), (935, 3993), (1863, 4077)]
Ticket_18.jpg: [(609, 294), (1997, 248), (732, 3762), (2223, 3905)]
Ticket_19.jpg: [(530, 391), (2261, 504), (454, 3527), (2283, 3476)]
Ticket_20.jpg: [(1118, 488), (2644, 925), (248, 3144), (1854, 3644)]
Ticket_22.jpg: [(664, 1084), (2076, 900), (908, 3577), (2421, 3417)]
Ticket_23.jpg: [(950, 374), (1862, 504), (727, 3632), (1980, 3707)]
Ticket_25.jpg: [(830, 2), (1710, 49), (729, 4069), (1849, 3828)]
Ticket_27.jpg: [(319, 516), (1777, 308), (387, 3833), (2012, 3733)]
Comic_2.jpg: [(17, 387), (2606, 286), (73, 3912), (2561, 3951)]
Comic_3.jpg: [(375, 437), (2819, 291), (482, 3721), (2780, 3895)]
Comic_4.jpg: [(39, 235), (2965, 56), (224, 3822), (2864, 3934)]
Comic_5.jpg: [(191, 146), (2965, 67), (409, 4024), (3015, 3884)]
Comic_6.jpg: [(163, 448), (2662, 359), (308, 3733), (2600, 3845)]
Comic_7.jpg: [(308, 600), (2628, 448), (443, 3817), (2701, 3828)]
Comic_8.jpg: [(118, 112), (2886, 118), (247, 3615), (2696, 3738)]
Comic_9.jpg: [(341, 568), (2456, 279), (461, 3652), (2658, 3714)]
Comic_10.jpg: [(532, 510), (2505, 269), (387, 3620), (2774, 3856)]
Comic_12.jpg: [(217, 440), (2776, 177), (377, 3874), (3053, 3803)]
Comic_13.jpg: [(97, 202), (2762, 185), (190, 4014), (2829, 3901)]
Comic_14.jpg: [(189, 205), (2728, 244), (217, 3803), (2729, 3741)]
Comic_15.jpg: [(254, 377), (2786, 234), (361, 3682), (2803, 3748)]
Comic_17.jpg: [(35, 229), (2710, 152), (137, 3813), (2763, 3775)]
Comic_18.jpg: [(838, 679), (2662, 515), (803, 3262), (2721, 3372)]
Comic_19.jpg: [(660, 895), (2501, 584), (902, 3619), (2745, 3640)]
Comic_21.jpg: [(646, 570), (2640, 387), (719, 3524), (2802, 3549)]
Comic_23.jpg: [(315, 23), (2735, 120), (245, 3743), (2729, 3543)]
Comic_24.jpg: [(230, 516), (2826, 441), (307, 3859), (2837, 3932)]
Comic_25.jpg: [(271, 667), (2682, 634), (294, 3773), (2683, 3859)]
Comic_26.jpg: [(2, 552), (1942, 661), (1, 3716), (2194, 3770)]
Comic_27.jpg: [(219, 315), (2678, 244), (366, 3690), (2669, 3724)]
Comic_28.jpg: [(17, 555), (2631, 609), (4, 3943), (2551, 4027)]
Comic_30.jpg: [(67, 244), (2804, 252), (130, 3703), (2699, 3812)]
Comic_31.jpeg: [(153, 81), (1343, 178), (68, 1871), (1314, 1857)]
Comic_32.jpeg: [(210, 187), (1252, 191), (214, 1844), (1261, 1836)]
Comic_35.jpeg: [(243, 314), (1254, 277), (208, 1873), (1338, 1897)]
Comic_36.jpeg: [(206, 162), (1226, 194), (300, 1711), (1346, 1555)]
Comic_37.jpeg: [(249, 364), (1259, 353), (172, 1811), (1313, 1813)]
Comic_38.jpeg: [(207, 163), (1226, 193), (302, 1711), (1346, 1556)]
Comic_39.jpeg: [(176, 152), (1306, 130), (192, 1929), (1318, 1949)]
Comic_40.jpeg: [(217, 282), (1278, 295), (209, 1765), (1245, 1763)]
Comic_41.jpeg: [(179, 262), (1333, 253), (178, 1822), (1325, 1869)]
Libro_2.jpg: [(370, 551), (2720, 412), (374, 3644), (2770, 3741)]
Libro_3.jpg: [(110, 580), (2778, 467), (256, 3825), (2711, 3917)]
Libro_5.jpg: [(256, 925), (2118, 799), (408, 3363), (2215, 3312)]
Libro_6.jpg: [(799, 261), (3047, 584), (130, 3392), (2577, 3922)]
Libro_7.jpg: [(357, 601), (2627, 563), (475, 3678), (2656, 3724)]
Libro_8.jpg: [(29, 706), (2261, 168), (689, 4060), (3047, 3522)]
Libro_9.jpg: [(294, 471), (2757, 496), (332, 3707), (2610, 3800)]
Libro_10.jpg: [(55, 261), (2968, 294), (139, 3800), (2837, 3779)]
Libro_11.jpg: [(172, 462), (2589, 416), (273, 3808), (2614, 3817)]
Libro_12.jpg: [(113, 916), (2278, 441), (929, 3989), (3039, 3400)]
Libro_13.jpg: [(109, 778), (2333, 727), (109, 3896), (2430, 3917)]
Libro_14.jpg: [(433, 769), (2484, 681), (483, 3766), (2581, 3833)]
Libro_15.jpg: [(261, 462), (2829, 412), (357, 3905), (2766, 3964)]
Libro_17.jpg: [(374, 773), (2442, 698), (408, 3821), (2678, 3766)]
Libro_18.jpg: [(509, 605), (2425, 471), (580, 3363), (2644, 3325)]
Libro_20.jpg: [(177, 361), (2804, 332), (265, 3884), (2846, 3833)]
Libro_22.jpg: [(147, 504), (2925, 366), (147, 3817), (3031, 3934)]
Libro_24.jpg: [(172, 412), (2976, 261), (214, 3888), (2997, 4077)]
Libro_25.jpg: [(240, 614), (2253, 572), (298, 3825), (2308, 3871)]
Libro_27.jpg: [(395, 498), (2650, 424), (395, 3705), (2750, 3651)]
Libro_28.jpg: [(170, 532), (2534, 449), (125, 3510), (2675, 3531)]
Libro_29.jpg: [(482, 365), (2513, 498), (336, 3456), (2600, 3398)]
Libro_31.jpg: [(1322, 651), (1346, 1366), (151, 550), (152, 1461)]
Manuscrito_2.jpg: [(158, 249), (2720, 161), (131, 3981), (2757, 4028)]
Manuscrito_3.jpg: [(178, 289), (2704, 219), (229, 3961), (2741, 3975)]
Manuscrito_5.jpg: [(57, 319), (2831, 108), (225, 4042), (2868, 4079)]
Manuscrito_6.jpg: [(192, 414), (2737, 417), (249, 3874), (2650, 3917)]
Manuscrito_8.jpg: [(2962, 3867), (249, 3894), (2774, 195), (296, 242)]
Manuscrito_9.jpg: [(2848, 3662), (494, 3776), (2498, 367), (279, 444)]
Manuscrito_11.jpg: [(172, 347), (2660, 370), (272, 3739), (2576, 3746)]
Manuscrito_12.jpg: [(3043, 4069), (286, 4077), (2984, 0), (8, 17)]
Manuscrito_13.jpg: [(3052, 3884), (378, 4060), (2766, 8), (8, 118)]
Manuscrito_14.jpg: [(2825, 3655), (783, 3817), (2566, 259), (393, 430)]
Manuscrito_15.jpg: [(2787, 3800), (685, 3917), (2572, 370), (185, 546)]
Manuscrito_17.jpg: [(84, 513), (2320, 151), (534, 3926), (2871, 3497)]
Manuscrito_18.jpg: [(34, 277), (2413, 0), (189, 3552), (2593, 3543)]
Manuscrito_19.jpg: [(120, 415), (2447, 482), (154, 3784), (2496, 3655)]
Manuscrito_20.jpg: [(760, 249), (2762, 665), (29, 3464), (2496, 3896)]
Manuscrito_21.jpg: [(361, 889), (2272, 802), (615, 3813), (2638, 3464)]
Manuscrito_22.jpg: [(183, 773), (2243, 669), (511, 3797), (2538, 3456)]
Manuscrito_23.jpg: [(108, 457), (2368, 390), (345, 3697), (2588, 3456)]
Manuscrito_24.jpg: [(370, 407), (2613, 482), (295, 3801), (2737, 3726)]
Manuscrito_26.jpg: [(295, 428), (2534, 478), (386, 3597), (2580, 3456)]
Manuscrito_27.jpg: [(258, 486), (2613, 453), (428, 3909), (2779, 3722)]
Manuscrito_28.jpg: [(727, 282), (2758, 316), (415, 3174), (2712, 3369)]
Manuscrito_31.jpg: [(370, 357), (2609, 465), (353, 3618), (2596, 3539)]
Manuscrito_32.jpg: [(370, 444), (2796, 548), (253, 3684), (2746, 3755)]
Mecanografiado_1.jpg: [(368, 438), (2633, 431), (420, 3572), (2436, 3576)]
Mecanografiado_2.jpg: [(290, 303), (2745, 307), (349, 3548), (2593, 3669)]
Mecanografiado_3.jpg: [(240, 298), (2871, 311), (366, 3783), (2736, 3846)]
Mecanografiado_5.jpg: [(8, 177), (2610, 202), (139, 3720), (2535, 3703)]
Mecanografiado_6.jpg: [(3047, 3615), (340, 3699), (2774, 13), (319, 38)]
Mecanografiado_9.jpg: [(3052, 3615), (265, 3682), (2858, 0), (269, 17)]
Mecanografiado_10.jpg: [(2892, 3665), (273, 3699), (2812, 67), (248, 8)]
Mecanografiado_11.jpg: [(8, 59), (2711, 113), (4, 3917), (2644, 3888)]
Mecanografiado_13.jpg: [(8, 172), (2728, 143), (50, 4077), (2942, 4060)]
Mecanografiado_14.jpg: [(4, 261), (2623, 29), (185, 4061), (3047, 4052)]
Mecanografiado_16.jpg: [(8, 588), (2333, 227), (282, 4065), (2825, 3846)]
Mecanografiado_17.jpg: [(135, 370), (2610, 143), (496, 3943), (2972, 3627)]
Mecanografiado_18.jpg: [(458, 202), (2724, 588), (8, 3497), (2165, 3951)]
Mecanografiado_19.jpg: [(147, 143), (2914, 286), (80, 3940), (2666, 4016)]
Mecanografiado_21.jpg: [(336, 465), (2646, 461), (328, 3834), (2758, 3768)]
Mecanografiado_22.jpg: [(228, 366), (2571, 461), (191, 3747), (2521, 3689)]
Mecanografiado_23.jpg: [(568, 816), (2384, 885), (485, 3532), (2440, 3513)]
Mecanografiado_24.jpg: [(449, 532), (2343, 709), (299, 3390), (2348, 3345)]
Mecanografiado_25.jpg: [(415, 426), (2503, 532), (138, 3572), (2520, 3644)]
Mecanografiado_27.jpg: [(559, 670), (2310, 703), (510, 3473), (2786, 3257)]
Mecanografiado_28.jpg: [(570, 343), (2675, 642), (84, 3679), (2696, 3864)]
Mecanografiado_30.jpg: [(313, 620), (2384, 493), (522, 3658), (2708, 3489)]
Mecanografiado_32.jpg: [(2993, 3480), (656, 3822), (2472, 235), (213, 555)]
Mecanografiado_7.jpg: [(137, 305), (2614, 322), (280, 3853), (2696, 3744)]    
Mecanografiado_8.jpg: [(244, 434), (2515, 462), (82, 3956), (2601, 3773)]
Ticket_21.jpg: [(818, 69), (2003, 151), (746, 4069), (1730, 4077)]   
Ticket_10.jpeg: [(72, 46), (617, 90), (7, 1528), (703, 1508)]



